 Qty 	 AF1	J 01-22	Bapes	Air Max	Tim	Shox	Kids    Dunks
1pr	 41.00	41.00	41.00	41.00	45.00	41.00	39.00	41.00
2-6pr	 40.00	40.00	40.00	40.00	44.00	40.00	38.00	40.00
 7-12	 39.00	39.00	39.00	39.00	43.00	39.00	37.00	39.00
 13-30	 38.00	38.00	38.00	38.00	42.00	38.00	36.00	38.00
 31-70	 37.00	37.00	37.00	37.00	41.00	37.00	35.00	37.00
 71-100	 36.00	36.00	41.00	41.00	40.00	41.00	34.00	41.00
 101-200 35.00	35.00	35.00	35.00	39.00	35.00	33.00	35.00	
 201-500 34.00	34.00	34.00	34.00	38.00	34.00	32.00	34.00

Add $8 for j23